0 0.916051 0.725417 0.167898 0.420000
0 0.606352 0.710750 0.081000 0.308000
0 0.684352 0.695417 0.075000 0.261333
0 0.761602 0.638083 0.148500 0.272000
0 0.665602 0.562750 0.103500 0.174667
0 0.811102 0.504083 0.102000 0.222667
0 0.846352 0.416083 0.138000 0.172000
0 0.736852 0.403417 0.096000 0.168000
0 0.578977 0.566083 0.155250 0.285333
0 0.603352 0.363417 0.070500 0.152000
0 0.536602 0.339417 0.106500 0.160000
0 0.459352 0.524750 0.106500 0.200000
0 0.365977 0.523417 0.096750 0.192000
0 0.458977 0.390750 0.128250 0.177333
0 0.317227 0.453417 0.081750 0.156000
0 0.374227 0.419417 0.042750 0.085333
