0 0.729937 0.659111 0.140625 0.232222
0 0.626812 0.678000 0.119375 0.190000
0 0.745250 0.503000 0.143750 0.193333
0 0.699000 0.369667 0.108750 0.206667
0 0.617125 0.444667 0.078750 0.141111
0 0.579313 0.367444 0.090625 0.173333
0 0.563375 0.554111 0.110000 0.191111
0 0.485875 0.526333 0.115000 0.191111
0 0.507750 0.385222 0.057500 0.144444
0 0.360563 0.479111 0.110625 0.178889
0 0.305875 0.416889 0.146250 0.172222
0 0.078687 0.388000 0.108125 0.203333
0 0.213063 0.363000 0.113125 0.160000
0 0.412750 0.440778 0.058750 0.155556
