0 0.496102 0.647417 0.247500 0.320000
0 0.715102 0.677417 0.156000 0.265333
0 0.839977 0.517417 0.056250 0.201333
0 0.849727 0.450750 0.203250 0.273333
0 0.249727 0.567417 0.087750 0.194667
0 0.341977 0.596750 0.096750 0.205333
0 0.277102 0.318083 0.013500 0.002667
0 0.345352 0.409417 0.142500 0.180000
0 0.626977 0.364083 0.056250 0.166667
0 0.665227 0.566750 0.063750 0.148000
0 0.476977 0.389417 0.075750 0.113333
0 0.530977 0.423417 0.068250 0.112000
0 0.609352 0.459417 0.079500 0.112000
0 0.422602 0.492083 0.063000 0.110667
0 0.573727 0.542083 0.128250 0.173333
0 0.638977 0.701417 0.060750 0.204000
