0 0.781852 0.368750 0.148500 0.189333
0 0.823102 0.586083 0.106500 0.240000
0 0.972676 0.462083 0.054648 0.162667
0 0.630352 0.703417 0.163500 0.285333
0 0.671227 0.562750 0.078750 0.140000
0 0.627352 0.377417 0.097500 0.174667
0 0.467602 0.665417 0.229500 0.353333
0 0.346477 0.577417 0.111750 0.222667
0 0.280477 0.518750 0.087750 0.238667
0 0.372352 0.428083 0.127500 0.174667
0 0.480352 0.398750 0.067500 0.164000
0 0.523852 0.439417 0.067500 0.125333
0 0.598852 0.455417 0.085500 0.093333
0 0.586852 0.527417 0.117000 0.128000
0 0.430102 0.481417 0.061500 0.100000
