0 0.801352 0.621417 0.255000 0.390667
0 0.310852 0.694083 0.189000 0.386667
0 0.539602 0.646083 0.177000 0.280000
0 0.628852 0.533417 0.100500 0.214667
0 0.683602 0.440083 0.160500 0.238667
0 0.451102 0.362083 0.073500 0.144000
0 0.334852 0.437417 0.091500 0.102667
0 0.359227 0.549417 0.132750 0.182667
0 0.500977 0.525417 0.093750 0.180000
0 0.424477 0.536750 0.084750 0.245333
0 0.583477 0.446083 0.077250 0.122667
0 0.530227 0.380083 0.081750 0.169333
0 0.658477 0.342083 0.179250 0.146667
0 0.813727 0.389417 0.093750 0.153333
