0 0.791977 0.606750 0.147750 0.297333
0 0.669727 0.702750 0.065250 0.209333
0 0.669727 0.596083 0.084750 0.238667
0 0.613852 0.689417 0.087000 0.297333
0 0.592102 0.520750 0.109500 0.109333
0 0.457852 0.645417 0.228000 0.318667
0 0.622102 0.378083 0.061500 0.168000
0 0.598852 0.353417 0.136500 0.140000
0 0.540352 0.441417 0.094500 0.156000
0 0.483352 0.398083 0.076500 0.157333
0 0.434602 0.484750 0.078000 0.074667
0 0.348727 0.572750 0.111750 0.194667
0 0.293602 0.519417 0.097500 0.194667
0 0.365602 0.421417 0.180000 0.161333
