0 0.523687 0.629111 0.251875 0.298889
0 0.326500 0.641889 0.080000 0.244444
0 0.239312 0.625222 0.106875 0.246667
0 0.339625 0.423000 0.105000 0.191111
0 0.356500 0.579667 0.082500 0.202222
0 0.745562 0.634111 0.131875 0.268889
0 0.653375 0.568556 0.097500 0.173333
0 0.646500 0.681889 0.098750 0.175556
0 0.834313 0.486333 0.074375 0.213333
0 0.664937 0.419111 0.165625 0.174444
0 0.485250 0.376333 0.085000 0.144444
0 0.525563 0.420222 0.099375 0.118889
0 0.418375 0.478000 0.116250 0.132222
0 0.631500 0.307444 0.082500 0.100000
0 0.844625 0.347444 0.102500 0.128889
0 0.527750 0.423556 0.082500 0.098889
