0 0.840676 0.734083 0.318648 0.400000
0 0.602602 0.705417 0.078000 0.310667
0 0.680977 0.713417 0.084750 0.244000
0 0.854602 0.474750 0.076500 0.188000
0 0.451477 0.536083 0.114750 0.220000
0 0.518977 0.514750 0.086250 0.198667
0 0.533977 0.358750 0.095250 0.201333
0 0.626227 0.370750 0.069750 0.164000
0 0.318352 0.461417 0.067500 0.148000
0 0.368227 0.524083 0.093750 0.190667
0 0.455227 0.391417 0.147750 0.130667
0 0.733102 0.373417 0.109500 0.129333
0 0.691477 0.486750 0.251250 0.126667
0 0.747352 0.576083 0.145500 0.116000
0 0.679102 0.554083 0.085500 0.117333
