0 0.419313 0.658000 0.176875 0.243333
0 0.653375 0.679667 0.098750 0.184444
0 0.603375 0.609667 0.223750 0.317778
0 0.729313 0.610222 0.088125 0.270000
0 0.242125 0.467444 0.095000 0.188889
0 0.234313 0.330222 0.178125 0.154444
0 0.427750 0.362444 0.162500 0.158889
0 0.650563 0.403556 0.159375 0.156667
0 0.735250 0.365778 0.111250 0.181111
0 0.782750 0.408556 0.075000 0.175556
0 0.345250 0.476333 0.117500 0.171111
0 0.498375 0.391889 0.060000 0.137778
0 0.429937 0.421333 0.061875 0.112222
0 0.502437 0.511333 0.080625 0.165556
