0 0.870727 0.371417 0.156750 0.173333
0 0.788227 0.627417 0.155250 0.301333
0 0.676852 0.708083 0.078000 0.196000
0 0.671977 0.581417 0.102750 0.214667
0 0.606352 0.691417 0.088500 0.269333
0 0.597352 0.516750 0.096000 0.128000
0 0.607852 0.388750 0.073500 0.184000
0 0.465352 0.648083 0.204000 0.337333
0 0.367102 0.578750 0.099000 0.206667
0 0.310477 0.532083 0.132750 0.196000
0 0.527977 0.446750 0.083250 0.150667
0 0.420727 0.328083 0.074250 0.134667
0 0.482602 0.371417 0.075000 0.133333
0 0.383977 0.415417 0.141750 0.173333
