0 0.891352 0.523417 0.100500 0.237333
0 0.776227 0.628083 0.185250 0.257333
0 0.682102 0.702750 0.081000 0.201333
0 0.695977 0.564750 0.074250 0.136000
0 0.610102 0.693417 0.096000 0.300000
0 0.476977 0.632083 0.131250 0.340000
0 0.350227 0.511417 0.116250 0.168000
0 0.506227 0.368083 0.128250 0.174667
0 0.612727 0.376083 0.081750 0.166667
0 0.671227 0.485417 0.188250 0.177333
0 0.745852 0.403417 0.112500 0.200000
0 0.562102 0.526750 0.136500 0.134667
0 0.447727 0.420750 0.161250 0.146667
0 0.317227 0.453417 0.068250 0.113333
